板块名称
三沙
概念板块龙头
全A
海南旅游岛
海峡邮轮经济圈
海洋旅游
博鳌
地方国资改革
游轮
参股保险
存储安全
海南自贸区
三亚海洋经济
七星级酒店
邮轮旅游
西沙群岛
航运
海洋经济
海南国际旅游岛
地方国企
海南省国资
