板块名称
全A
SAAS
凝胶
互联网
胶原蛋白
