板块名称
工业4.0
股权激励
征信
全A
质押式回购
互联网+
锦纶
互联网
