板块名称
员工持股
文化传媒概念
股权激励
打车软件
ERP软件
可转债
全A
供应链金融
互联网营销
质押式回购
国产软硬件
去IOE
深港通
TMT
网约车
电子信息
智能终端
